# 📊 Informe de Calidad de Datos (Data Quality Report)
--- 

## 1. Valores Faltantes (Missing Values)
Conteo de nulos por columna:
```text
fight_id               0
fighter_id_1           0
fighter_id_2           0
fighter_1              0
fighter_2              0
kd_1                   0
kd_2                   0
str_1                  0
str_2                  0
td_1                   0
td_2                   0
sub_1                  0
sub_2                  0
weight_class           0
method                 0
round_num              0
fight_time             0
event_id               0
result_1               0
result_2               0
time_format            0
referee                0
method_details         0
sig_str_pct_1         39
sig_str_pct_2         58
sub_att_1              0
sub_att_2              0
rev_1                  0
rev_2                  0
ctrl_1               181
ctrl_2               181
head_pct_1             0
head_pct_2             0
body_pct_1             0
body_pct_2             0
leg_pct_1              0
leg_pct_2              0
distance_pct_1         0
distance_pct_2         0
clinch_pct_1           0
clinch_pct_2           0
ground_pct_1           0
ground_pct_2           0
total_str_pct_1        0
total_str_pct_2        0
sig_str_pct_1_alt      0
sig_str_pct_2_alt      0
```

## 2. Estadísticas Descriptivas completas
Medias, desviaciones estándar, mínimos y percentiles:
```text
              kd_1         kd_2        str_1        str_2         td_1         td_2        sub_1        sub_2    round_num    sub_att_1    sub_att_2        rev_1        rev_2
count  8461.000000  8461.000000  8461.000000  8461.000000  8461.000000  8461.000000  8461.000000  8461.000000  8461.000000  8461.000000  8461.000000  8461.000000  8461.000000
mean      0.244297     0.183548    39.112516    34.637041     1.214514     0.907221     0.436237     0.317693     2.356104     0.436237     0.317693     0.135209     0.134499
std       0.515486     0.462794    33.086738    31.403668     1.820154     1.535712     0.873355     0.745042     1.017231     0.873355     0.745042     0.425172     0.420646
min       0.000000     0.000000     0.000000     0.000000     0.000000     0.000000     0.000000     0.000000     1.000000     0.000000     0.000000     0.000000     0.000000
25%       0.000000     0.000000    14.000000    10.000000     0.000000     0.000000     0.000000     0.000000     1.000000     0.000000     0.000000     0.000000     0.000000
50%       0.000000     0.000000    31.000000    26.000000     1.000000     0.000000     0.000000     0.000000     3.000000     0.000000     0.000000     0.000000     0.000000
75%       0.000000     0.000000    56.000000    50.000000     2.000000     1.000000     1.000000     0.000000     3.000000     1.000000     0.000000     0.000000     0.000000
max       5.000000     6.000000   445.000000   241.000000    21.000000    12.000000    10.000000     7.000000     5.000000    10.000000     7.000000     6.000000     5.000000
```

## 3. Matriz de Correlaciones
Identificación de variables altamente correlacionadas:
```text
               kd_1      kd_2     str_1     str_2      td_1      td_2     sub_1     sub_2  round_num  sub_att_1  sub_att_2     rev_1     rev_2
kd_1       1.000000 -0.106723 -0.002520 -0.139369 -0.149842 -0.126802 -0.099693 -0.091000  -0.163445  -0.099693  -0.091000 -0.069290 -0.067601
kd_2      -0.106723  1.000000 -0.079323  0.085038 -0.102036 -0.088133 -0.091091 -0.040924  -0.083619  -0.091091  -0.040924 -0.049247 -0.046679
str_1     -0.002520 -0.079323  1.000000  0.659094  0.089313  0.042039 -0.125983 -0.090049   0.639713  -0.125983  -0.090049 -0.003459 -0.026303
str_2     -0.139369  0.085038  0.659094  1.000000 -0.012803  0.141368 -0.156146 -0.079855   0.610704  -0.156146  -0.079855 -0.032515  0.000752
td_1      -0.149842 -0.102036  0.089313 -0.012803  1.000000 -0.118346  0.162491  0.122413   0.314461   0.162491   0.122413  0.056605  0.235882
td_2      -0.126802 -0.088133  0.042039  0.141368 -0.118346  1.000000  0.065785  0.140851   0.285982   0.065785   0.140851  0.254918  0.067260
sub_1     -0.099693 -0.091091 -0.125983 -0.156146  0.162491  0.065785  1.000000  0.043125  -0.001913   1.000000   0.043125  0.219947  0.159127
sub_2     -0.091000 -0.040924 -0.090049 -0.079855  0.122413  0.140851  0.043125  1.000000   0.070308   0.043125   1.000000  0.198352  0.203091
round_num -0.163445 -0.083619  0.639713  0.610704  0.314461  0.285982 -0.001913  0.070308   1.000000  -0.001913   0.070308  0.124522  0.135291
sub_att_1 -0.099693 -0.091091 -0.125983 -0.156146  0.162491  0.065785  1.000000  0.043125  -0.001913   1.000000   0.043125  0.219947  0.159127
sub_att_2 -0.091000 -0.040924 -0.090049 -0.079855  0.122413  0.140851  0.043125  1.000000   0.070308   0.043125   1.000000  0.198352  0.203091
rev_1     -0.069290 -0.049247 -0.003459 -0.032515  0.056605  0.254918  0.219947  0.198352   0.124522   0.219947   0.198352  1.000000  0.344427
rev_2     -0.067601 -0.046679 -0.026303  0.000752  0.235882  0.067260  0.159127  0.203091   0.135291   0.159127   0.203091  0.344427  1.000000
```

## 4. Detección de Outliers y Recomendaciones
* **Valores Atípicos:** Se recomienda comparar los valores 'max' del cuadro descriptivo con el percentil 75% (75%). Si el salto es masivo, hay outliers severos.
* **Limpieza sugerida:** Imputar nulos en columnas categóricas como 'Method' y 'Weight_Class' o eliminar esos registros específicos antes de entrenar modelos.
